$ 67 0.001 3.5993318835628396 53 504 43 5e-11
s 2016 -208 2016 -240 0 0 false
s 2016 -272 2016 -304 0 0 false
s 2784 -336 2784 -304 0 0 false
s 2784 -272 2784 -240 0 0 false
g 2400 -416 2400 -400 0 0
w 2400 -464 2400 -416 0
b 2134 -566 2662 -401 0
w 2368 -416 2368 -464 0
w 2432 -416 2432 -464 0
r 2800 -416 2432 -416 0 15000
r 2016 -416 2368 -416 0 15000
v 1376 32 1424 32 0 0 40 12 0 0 0.5
404 1984 -112 1984 0 0 1.38 100000 0 false
w 2816 -112 2816 -208 0
w 1984 -336 1984 -112 0
w 2800 -208 2816 -208 0
w 2016 -336 1984 -336 0
v 2304 -208 2368 -208 0 0 40 50.4 0 0 0.5
w 2496 -208 2800 -208 0
w 2304 -208 2016 -208 0
w 2016 -240 2304 -240 0
w 2496 -240 2784 -240 0
w 2784 -272 2496 -272 0
w 2304 -272 2016 -272 0
w 2016 -304 2304 -304 0
w 2496 -304 2784 -304 0
w 2784 -336 2496 -336 0
w 2304 -336 2016 -336 0
207 2432 -464 2432 -496 4 HV\p
207 2400 -464 2400 -496 4 GrND
207 2368 -464 2368 -496 4 HV-
404 2816 -112 2816 0 0 1.38 100000 0 false
404 2816 -480 2816 -400 0 0.0026 5.6965 0 false
d 2368 -592 2272 -592 2 default
162 2736 -672 2736 -592 2 default-led 1 0 0 0.01
w 2528 -592 2736 -592 0
209 2272 -592 2272 -736 4 0.000001 0.001 0.001 0 100
r 2208 -592 2144 -592 0 15000
r 2208 -736 2144 -736 0 15000
w 2272 -736 2208 -736 0
w 2272 -592 2208 -592 0
w 2384 -736 2272 -736 0
w 2384 -624 2384 -672 0
r 2384 -672 2384 -736 0 20000
w 2528 -592 2400 -592 0
209 2528 -592 2528 -672 4 0.000001 0.001 0.001 0 100
t 2384 -624 2384 -592 0 1 0 0 100 default
r 2528 -672 2384 -672 0 3000
w 2528 -736 2384 -736 0
w 2528 -672 2528 -736 0
r 2736 -672 2528 -672 0 150
404 1984 -416 1984 -336 0 0.0026 5.6965 0 false
w 1984 -416 1984 -592 0
w 1984 -592 2144 -592 0
w 2144 -736 2144 -784 0
w 2816 -480 2816 -784 0
w 2144 -784 2816 -784 0
w 2016 -416 2016 -336 0
w 2800 -208 2800 -416 0
w 3008 16 3024 16 0
r 2872 144 2944 144 0 10000
c 2992 144 2992 16 4 0.00009999999999999999 0 0 0
w 2816 112 2816 0 0
w 2720 144 2720 176 0
w 2720 48 2720 112 0
407 2720 112 2880 112 1
w 1776 -32 1728 -32 0
w 1600 0 1632 0 0
w 1600 -144 1632 -144 0
w 1600 0 1600 -144 0
w 1632 -48 1632 -96 0
w 1728 -128 1792 -128 0
w 1776 16 1728 16 0
w 1776 32 1424 32 0
w 1776 16 1776 32 0
w 1792 32 1792 -128 0
w 3024 -368 3024 16 0
w 2680 176 2720 176 0
w 2656 48 2720 48 0
w 2576 48 2656 48 0
x 2839 62 2902 65 4 10 EV200AAANA
x 1911 62 1974 65 4 10 EV200AAANA
x 2844 54 2889 57 4 10 KILOVAC\s
x 1916 54 1961 57 4 10 KILOVAC\s
178 2816 0 2944 0 6 1 0.2 0 0.2 100000000 0.02 20 0.02 0.13 0
178 1984 0 1904 0 6 1 0.2 0 0.2 100000000 0.02 20 0.015 0.13 0
w 1840 32 1904 32 0
w 1776 -32 1904 16 0
w 1904 -16 1904 -48 0
w 2944 -16 2944 -48 0
x 2859 -35 2919 -32 4 24 AIR\s\p
x 1918 -36 1972 -33 4 24 AIR\s-
w 1728 -80 1856 -80 0
w 1840 32 1792 32 0
429 1632 -144 1728 -144 0 0 false 4
w 2992 16 3008 16 0
x 1441 -60 1590 -57 4 24 MSD\sinterlock
w 1984 32 2576 32 0
g 1376 32 1344 32 0 0
w 1856 -80 1856 -848 0
w 2576 32 2576 48 0
x 1699 358 2013 361 4 24 Upper\saccumulator\scontainer\s
b 2886 -159 1906 -352 0
w 2816 -400 2816 -208 0
x 2500 -178 2814 -175 4 24 Lower\saccumulator\scontainer\s
404 2872 144 2816 144 0 0.0613 6.73 0 false
w 3008 -536 3008 -864 0
420 3144 -536 3144 -368 0 128
w 3008 -536 3144 -536 0
w 3144 -368 3024 -368 0
x 3330 -439 3474 -436 4 24 Energy\sMeter
x 2186 -539 2587 -536 4 24 Tractive\ssystem\smeasuring\spoints\sbox
x 3325 -412 3477 -409 4 24 MSDXLF000F
r 2576 -968 2576 -936 0 10000
g 2576 -968 2576 -984 0 0
w 3272 -536 3272 -552 0
178 2560 -864 2560 -936 2 1 0.2 0 0.05 100000000 0.02 20 0.015 0.005 0
w 2528 -864 2528 -840 0
w 2528 -840 2904 -840 0
w 2512 -864 2456 -864 0
g 2456 -864 2424 -864 0 0
w 2896 -336 2896 -72 0
w 2608 -864 3008 -864 0
w 2560 -864 2560 -848 0
w 1856 -848 1856 -1016 0
w 3008 -1016 3008 -864 0
x 2408 173 2602 176 4 24 Pre-charge\scircuit\s
b 2758 -834 2209 -1000 0
x 2224 -971 2408 -968 4 24 Discharge\scircuit\s
s 2368 -208 2432 -208 0 0 false
s 2368 -240 2432 -240 0 0 false
v 2368 -240 2304 -240 0 0 40 50.4 0 0 0.5
s 2368 -272 2432 -272 0 0 false
s 2368 -304 2432 -304 0 0 false
s 2368 -336 2432 -336 0 0 false
v 2368 -304 2304 -304 0 0 40 50.4 0 0 0.5
v 2304 -272 2368 -272 0 0 40 50.4 0 0 0.5
v 2304 -336 2368 -336 0 0 40 50.4 0 0 0.5
v 2432 -336 2496 -336 0 0 40 50.4 0 0 0.5
v 2432 -272 2496 -272 0 0 40 50.4 0 0 0.5
v 2496 -304 2432 -304 0 0 40 50.4 0 0 0.5
v 2496 -240 2432 -240 0 0 40 50.4 0 0 0.5
v 2432 -208 2496 -208 0 0 40 50.4 0 0 0.5
w 2680 176 2680 -72 0
w 2680 -72 2896 -72 0
w 2944 144 2992 144 0
w 2944 16 2992 16 0
w 2816 32 2784 32 0
x 3328 135 3373 138 4 13 1N5221
x 3439 142 3484 145 4 13 2N2222
x 3888 125 3933 128 4 13 2N2222
x 3700 136 3775 139 4 15 SDP4040D
x 4070 189 4119 192 4 15 IRF540
r 3784 104 3912 104 0 11000
r 3960 40 3960 88 0 1000
w 3960 40 4184 40 0
w 4184 296 4184 40 0
w 4056 200 4056 296 0
209 3304 8 3304 152 4 0.000001 0.001 0.001 0 1
f 4040 120 4040 200 32 1.5 1000
g 4120 120 4152 120 0 1
r 4040 120 4120 120 0 15000
r 3960 120 4040 120 0 100
w 3784 40 3960 40 0
w 3784 72 3784 40 0
t 3912 104 3960 104 0 1 0 0 100 default
r 3240 152 3176 152 0 1000000
r 3240 8 3176 8 0 1000000
w 3304 8 3240 8 0
w 3304 152 3240 152 0
w 3416 8 3304 8 0
w 3416 120 3416 72 0
r 3416 72 3416 8 0 10000
z 3400 152 3304 152 2 default-zener
w 3560 152 3432 152 0
209 3560 72 3560 152 4 0.000001 0.001 0.001 0 1
t 3416 120 3416 152 0 1 0 0 100 default
r 3560 72 3416 72 0 1000
w 3560 8 3416 8 0
w 3560 72 3560 8 0
w 3608 152 3560 152 0
w 3688 104 3688 152 0
407 3688 72 3704 72 1
w 2992 144 2992 160 0
w 3176 152 3176 16 0
w 3176 16 3024 16 0
w 3176 8 3112 8 0
w 3112 8 3112 160 0
w 2992 160 3112 160 0
w 4056 296 4184 296 0
174 3608 72 3688 40 1 5000 0.401 Resistance
w 3560 72 3576 72 0
w 3576 72 3576 40 0
w 3576 40 3648 40 0
d 3608 72 3608 152 2 default
w 3608 152 3688 152 0
w 2944 32 2944 200 0
w 3560 200 2944 200 0
w 2656 48 2656 336 0
w 2656 336 3888 336 0
w 4056 296 4056 336 0
178 3792 232 3632 232 6 1 0.2 0 0.05 1000000 0.02 20 0.015 0.005 0
w 3560 200 3632 248 0
w 2784 32 2616 32 0
w 2616 32 2616 240 0
w 2616 240 3064 240 0
w 3064 240 3064 296 0
w 3792 296 3792 264 0
g 3632 264 3592 264 0 0
w 3064 296 3728 296 0
w 3792 232 3888 232 0
w 3888 232 3888 336 0
w 3888 336 4056 336 0
w 3792 264 3928 264 0
w 3928 264 3928 200 0
w 3632 216 3632 184 0
r 4024 200 3928 200 0 100
w 2560 -848 2608 -848 0
w 2608 -848 2608 -864 0
w 3272 -368 3272 -336 0
w 3272 -336 2896 -336 0
w 3272 -552 2904 -552 0
w 2904 -552 2904 -840 0
x 3045 -177 3121 -174 4 24 0\sAWG
x 2910 -168 2999 -165 4 24 18\sAWG
x 2736 172 2811 175 4 15 SDP4040D
b 4211 374 1679 -1003 0
207 3008 -1016 3008 -1048 4 Out
207 1856 -1016 1856 -1048 4 Out
x 1997 -489 2086 -486 4 24 18\sAWG
x 2418 -602 2463 -599 4 13 2N2222
x 2511 -755 2792 -752 4 24 Accumulator\sindicator\slight
x 2836 -425 2931 -422 4 15 0217.050MXP
x 1872 -371 1967 -368 4 15 0217.050MXP
x 2010 -47 2107 -44 4 20 FWP-200A
x 2710 -42 2807 -39 4 20 FWP-200A
x 2831 175 2928 178 4 20 FWP-200A
z 3728 296 3792 296 2 default-zener
x 3740 322 3785 325 4 13 1N5221
x 2349 -186 2469 -183 4 20 Maintenance\s
x 2377 -164 2424 -161 4 20 plugs
o 61 32 0 x103003 0.0001 0.0001 0 2 61 3
38 17 F1 0 0 50.4 -1 Master\sVoltage
38 142 F1 0 0 50.4 0 \0
38 141 F1 0 0 50.4 0 \0
38 139 F1 0 0 50.4 0 \0
38 140 F1 0 0 50.4 0 \0
38 137 F1 0 0 50.4 0 \0
38 135 F1 0 0 50.4 0 \0
38 138 F1 0 0 50.4 0 \0
38 136 F1 0 0 50.4 0 \0
38 131 F1 0 0 50.4 0 \0
