$ 1 0.000005 382.76258214399064 99 5 50 5e-11
409 240 208 368 208 1 0.6 -6.689514560087858 0.023100000000000002 0
w 240 112 240 192 0
w 240 192 192 192 0
r 192 192 112 192 0 1000
w 368 112 368 208 0
w 304 176 464 176 0
368 368 208 400 240 0 0
r 464 176 464 64 0 2.5
w 112 64 464 64 0
R -80 80 -176 80 0 0 40 12 0 0 0.5
w 368 208 448 208 0
g 304 368 304 416 0 0
f 512 208 592 208 32 5 0.02
r 592 64 592 128 0 30
w 592 128 592 192 0
r 592 288 592 368 0 1000
w 304 240 304 368 0
w 304 368 592 368 0
w 592 288 640 288 0
r 592 224 592 288 0 1310
178 1024 96 1120 96 6 1 0.2 0.00001070389692647703 0.05 1000000 0.02 20 0.015 0.005 0
g 1248 128 1264 128 0 0
w 640 288 720 288 0
w 592 64 672 64 0
w 448 208 512 208 0
r 240 112 368 112 0 3600
w 1120 80 1120 -96 0
w 1120 -96 1296 -96 0
g 1296 -96 1312 -96 0 0
150 720 512 832 512 0 2 0 5
w 1024 64 1024 96 0
x -123 533 -20 536 4 10 Break\spressure\ssensor\s
r 272 512 400 512 0 3600
w 480 608 544 608 0
w 672 688 720 688 0
r 624 624 624 688 0 1310
w 624 688 672 688 0
w 336 768 624 768 0
w 144 768 336 768 0
w 144 592 144 768 0
w 336 640 336 768 0
r 624 688 624 768 0 1000
w 624 528 624 592 0
r 624 464 624 528 0 30
f 544 608 624 608 32 5 0.02
g 336 768 336 816 0 0
w 400 608 480 608 0
r 496 576 496 464 0 2.5
w 336 576 496 576 0
w 400 512 400 608 0
r 224 592 144 592 0 1000
w 272 592 224 592 0
w 272 512 272 592 0
172 -16 512 -80 512 0 7 5 5 0 0 0.5 Break pressure sensor
409 272 608 400 608 1 0.6 -6.68951455978566 0.023100000000000002 0
w 464 64 496 64 0
w 496 464 496 64 0
w 496 64 592 64 0
w 624 464 624 64 0
w 592 64 624 64 0
w 880 128 960 128 0
w 1120 112 1200 112 0
c 1024 176 1120 176 4 1 0.000999471164623067 0.001 0
w 992 128 1024 128 0
r 1120 176 1200 176 0 100
w 1024 176 1024 128 0
162 1120 128 1152 128 2 default-led 1 0 0 0.01
d 960 128 992 128 2 default
w 1152 128 1248 128 0
w -80 80 0 80 0
x 1123 97 1197 100 4 10 BSPD\sFault\sLED
x 33 48 115 51 4 10 BSPD\sreset\sswitch
S 0 80 112 80 0 0 false 0 2
w 672 64 944 64 0
w 880 336 880 128 0
w 944 64 1024 64 0
368 720 384 800 320 0 0
368 720 688 848 736 0 0
w 880 336 880 512 1
w 832 512 880 512 0
368 128 272 160 272 0 0
w 112 192 112 368 0
w 112 368 304 368 0
w 128 272 240 224 0
w 720 288 720 384 0
w 720 384 720 496 0
w 720 688 720 528 0
w 32 272 128 272 0
g 128 304 160 304 0 0
r 32 160 128 160 0 450
w 32 336 32 304 0
w -80 336 32 336 0
c -80 288 -80 336 4 0.001 0.5128868208386217 0.001 0
w -80 160 32 160 0
w -80 288 -80 160 0
r 0 288 -80 288 0 50000
w 32 304 128 304 0
t 0 288 32 288 0 1 -0.012577061335460105 0.5003097595031616 100 default
172 -80 128 -112 128 0 7 5 5 0 0 0.5 Current sensor
w 32 160 32 272 0
w 112 640 112 752 0
t 80 768 112 768 0 1 -0.012577061335459327 0.5003097595031624 100 default
w 112 784 208 784 0
r 80 768 0 768 0 50000
w 0 768 0 640 0
w 0 640 112 640 0
c 0 768 0 816 4 0.001 0.5128868208386217 0.001 0
w 0 816 112 816 0
w 112 816 112 784 0
r 112 640 112 512 0 450
w 112 752 208 752 0
w 208 752 272 624 0
g 208 784 240 784 0 0
368 208 752 288 736 0 0
r 112 96 192 96 0 500000
g 192 96 208 96 0 0
368 400 608 432 640 0 0
178 1328 -48 1424 -48 6 1 0.2 0.000010875396172349416 0.05 1000000 0.02 20 0.015 0.005 0
w 1200 112 1200 -16 0
w 1200 -16 1328 -16 0
w 1424 -16 1424 176 3
w 1200 176 1424 176 0
R 1328 -48 1232 -48 0 0 40 12 0 0 0.5
g 1424 -64 1472 -64 0 0
404 -80 128 48 128 0 0.0613 6.73 0 false
w 48 128 128 128 0
w 128 128 128 160 0
404 -16 512 112 512 0 0.0613 6.73 0 false
x -135 148 -25 151 4 10 Hall\seffect\scurrent\ssensor
