$ 1 0.000049999999999999996 69.34413510434165 50 5 43 5e-11
w 608 544 1040 544 0
w 208 544 608 544 0
404 240 432 240 544 0 1.38 100000 0 false
404 1072 432 1072 544 0 1.38 100000 0 false
178 1072 544 1072 624 6 1 0.2 0.4999999999999945 0.00019999999999999998 20000000 0.02 20 0.015 0.005 1
178 240 544 240 624 6 1 0.2 -0.4999999999999945 0.0002 1000000 0.02 20 0.015 0.005 1
429 480 800 592 800 0 1 false 3
w 592 624 592 784 0
w 688 832 688 640 0
w 208 624 208 672 0
w 208 672 624 672 0
w 624 672 624 880 0
g 1040 624 1040 656 0 0
w 400 896 480 896 0
w 448 800 400 800 0
w 416 832 480 832 0
w 624 880 592 880 0
w 592 832 688 832 0
R -64 560 -128 560 0 0 40 120 0 0 0.5
w 144 864 -96 864 0
w -80 896 144 896 0
w 144 800 -112 800 0
S -224 480 -224 576 0 0 false 0 2
w 480 832 480 848 0
w -208 704 -208 576 0
b 269 339 28 234 0
x 116 368 168 371 6 24 BMS
w -32 320 -32 832 0
w 144 832 -32 832 0
w 592 624 1056 624 0
w 688 640 224 640 0
w 224 640 224 624 0
. Switchable\scharging\scurrent\s(delay\s100ms) 0 7 4 7 120\sVAC 4 0 2 BMS_Signal 3 1 2 Charger\s(\p) 1 0 3 Charger\s(-) 2 1 3 GND 8 3 2 Interlock_out 5 3 3 Neutral\s 6 2 2 AndGateElm\s3\s4\s5\rResistorElm\s6\s7\rLogicOutputElm\s4\rLogicOutputElm\s3\rResistorElm\s7\s8\rAndGateElm\s9\s4\s10\rLogicOutputElm\s4\rLogicOutputElm\s9\rVCCSElm\s10\s0\s1\s2\rDelayBufferElm\s5\s9 0\\s2\\s0\\s20\s0\\s1000\s4\\s120\s0\\s12\s0\\s1000\s0\\s2\\s0\\s20\s4\\s120\s0\\s12\s0\\s2\\s(35/20)*(a-b)\s0\\s0.1\\s12\\s12
410 144 800 160 800 1 Switchable\scharging\scurrent\s(delay\s100ms) 0\s2\s20\s20 0\s1000 4\s120 0\s12 0\s1000 0\s2\s19.999999999999996\s20 4\s120 0\s12 0\s2\s(35/20)*(a-b) 0\s0.1\s12\s12
R -224 336 -224 304 0 0 40 12 0 0 0.5
407 -208 704 -128 704 1
w -112 736 -112 800 0
r -208 736 -208 800 0 100
g -208 800 -208 832 0 0
404 -64 704 -64 560 0 100 6.73 0 false
w -96 864 -96 592 0
w -64 704 -112 704 0
w -80 896 -80 576 0
207 -96 592 -128 592 4 Neutral
207 -80 576 -128 576 4 GND
425 1184 1312 1184 1392 0 IMD 0.2 0.000011999760004799904 0.02 20 0.015 0.005 0 0 0
g 1184 1456 1184 1472 0 0
w 1184 1392 1184 1456 0
w 1168 1104 1184 1104 0
g 1136 1296 1136 1312 0 0
r 1136 1232 1136 1296 0 2200
162 1136 1168 1136 1232 2 default-led 1 0 0 0.01
R 1152 912 1152 880 0 0 40 12 0 0 0.5
w 1152 992 1152 912 0
w 1136 1104 1136 1168 0
w 1120 848 1120 896 0
w 896 896 1120 896 0
S 1104 768 1104 848 0 0 false 0 2
w 800 1312 864 1312 0
w 896 1120 896 896 0
r 1120 1104 1056 1104 0 100
w 1008 976 1008 1120 0
w 1008 1312 1008 1120 0
g 1056 1104 1056 1120 0 0
178 1152 992 1152 1104 6 1 0.2 0.035933780287517814 0.05 1000000 0.02 20 0.015 0.005 1
R 1104 768 1104 736 0 0 40 12 0 0 0.5
w 1120 896 1120 960 0
t 1008 976 1120 976 0 1 -7 0.6879463654978508 100 default
r 1008 1312 1008 1408 0 2200
g 1008 1408 1008 1440 0 0
g 864 1408 864 1440 0 0
r 864 1312 864 1408 0 2200
I 864 1312 1008 1312 0 0.5 5
g 880 1184 896 1184 0 0
w 800 1152 800 1088 0
w 800 1152 800 1184 0
r 880 1184 800 1184 0 1000
w 800 1120 896 1120 0
. Bender\sIR155-3204 1 10 9 9 HV\p 1 3 2 HV- 2 5 2 Pin\s1\sCHAS\s/\sELC\sGND 3 0 3 Pin\s2\sSupply\svoltage 4 1 3 Pin\s3\sChassis\sGround 8 2 3 Pin\s4\sChassis\sGround 9 3 3 Pin\s5\sData\sOut,\sPWM\s1 7 5 3 Pin\s6\sData\sOut,\sPWM\s2 6 6 3 Pin\s8\sStatus\soutput 5 7 3 ProbeElm\s1\s2\rResistorElm\s4\s3\rResistorElm\s1\s7\rResistorElm\s2\s6\rResistorElm\s4\s8\rResistorElm\s4\s9\rInverterElm\s4\s5\rLogicOutputElm\s4 3\\s0\\s0\s0\\s3000\s0\\s15000\s0\\s15000\s0\\s3000\s0\\s3000\s0\\s0.5\\s5\s2\\s2.5
410 448 1088 624 1152 1 Bender\sIR155-3204 3\s0\s0\s0 0\s3000 0\s15000 0\s15000 0\s3000 0\s3000 0\s0.5\s5 2\s2.5
426 -224 336 -224 480 6 IMD 0.05 1000000 0
w 448 1248 416 1248 0
w 416 1248 416 832 0
w 448 1184 448 800 0
w -32 320 48 320 0
L 48 320 96 320 0 1 false 12 0
370 1072 432 240 432 1 0 0
w 1184 1104 1184 1312 0
x 502 946 696 949 6 24 Charging\sInterlock
x 225 946 311 949 6 24 Charger
x 476 1393 777 1396 6 24 Insulation\sMonitoring\sDevice
b 704 912 498 743 0
x 1103 591 1173 594 4 24 AIR(\p)
x 131 594 194 597 4 24 AIR(-)
w 592 816 592 864 0
x -206 525 -43 528 4 20 Charger\sshutdown
w 448 800 480 800 0
w 416 832 400 832 0
b 1189 701 122 402 0
x 899 689 1137 692 4 24 Accumulator\scontainer
x 1142 813 1312 816 4 24 IMD\spowercycle
