$ 1 0.000049999999999999996 10.20027730826997 50 5 50 5e-11
. Accumulator 1 8 5 4 HV\p 2 1 2 HV\p\sTP 4 1 3 HV- 3 3 2 HV-\sTP 5 3 3 VoltageElm\s0\s1\rResistorElm\s1\s2\rResistorElm\s0\s3\rResistorElm\s1\s4\rResistorElm\s0\s5 0\\s0\\s40\\s504\\s0\\s0\\s0.5\s0\\s1000\s0\\s1000\s0\\s15000\s0\\s15000
410 528 288 672 288 1 Accumulator 0\s0\s40\s504\s0\s0\s0.5 0\s1000 0\s1000 0\s15000 0\s15000
. MCU 1 5 4 5 HV\p 6 2 2 HV- 7 1 2 U1 13 0 3 V1 10 1 3 W1 5 2 3 RailElm\s1\rRailElm\s2\rRailElm\s3\rRelayElm\s3\s4\s5\s6\s7\rRelayElm\s2\s9\s10\s6\s7\rRelayElm\s1\s12\s13\s6\s7 0\\s1\\s50\\s220\\s0\\s0\\s0.5\s0\\s1\\s50\\s220\\s0\\s-2.0943951023931953\\s0.5\s0\\s1\\s50\\s220\\s0\\s2.0943951023931953\\s0.5\s6\\s1\\s0.2\\s0\\s0.05\\s1000000\\s0.02\\s20\\s0.015\\s0.005\\s0\s6\\s1\\s0.2\\s0\\s0.05\\s1000000\\s0.02\\s20\\s0.015\\s0.005\\s0\s6\\s1\\s0.2\\s0\\s0.05\\s1000000\\s0.02\\s20\\s0.015\\s0.005\\s0
410 528 112 720 64 1 MCU 0\s1\s50\s220\s0\s0\s0.5 0\s1\s50\s220\s0\s-2.0943951023931953\s0.5 0\s1\s50\s220\s0\s2.0943951023931953\s0.5 6\s1\s0.2\s0.08372051023934832\s0.05\s1000000\s0.02\s20\s0.015\s0.005\s1 6\s1\s0.2\s0.08372051023934826\s0.05\s1000000\s0.02\s20\s0.015\s0.005\s1 6\s1\s0.2\s0.08372051023934836\s0.05\s1000000\s0.02\s20\s0.015\s0.005\s1
w 416 384 416 144 0
w 416 144 528 144 0
w 480 320 480 176 0
w 480 176 528 176 0
427 768 144 880 144 0 0.435 0.816 0.0294 0.0297 0.0287 0.05 1
w 880 112 880 144 0
w 880 176 880 144 0
w 784 352 816 352 0
g 784 352 752 352 0 0
w 720 112 768 112 0
w 720 144 768 144 0
w 720 176 768 176 0
g 1280 592 1280 608 0 0
w 1280 528 1280 592 0
w 1216 528 1280 528 0
r 1184 656 1184 720 0 2200
162 1184 592 1184 656 2 default-led 1 0 0 0.01
R 1200 336 1200 304 0 0 40 12 0 0 0.5
w 1200 416 1200 336 0
w 1184 528 1184 592 0
w 1168 272 1168 320 0
w 944 320 1168 320 0
S 1152 192 1152 272 0 0 true 0 2
w 848 736 912 736 0
w 944 544 944 320 0
r 1168 528 1104 528 0 100
w 1056 400 1056 544 0
w 1056 736 1056 544 0
g 1104 528 1104 544 0 0
178 1200 416 1200 528 6 1 0.2 0.035933780287517814 0.05 1000000 0.02 20 0.015 0.005 1
R 1152 192 1152 160 0 0 40 12 0 0 0.5
w 1168 320 1168 384 0
t 1056 400 1168 400 0 1 -7.000000000000001 0.6879463654978499 100 default
r 1056 736 1056 832 0 2200
g 1056 832 1056 864 0 0
g 912 832 912 864 0 0
r 912 736 912 832 0 2200
I 912 736 1056 736 0 0.5 5
g 928 608 944 608 0 0
w 848 576 848 512 0
w 848 576 848 608 0
r 928 608 848 608 0 1000
w 848 544 944 544 0
. Bender\sIR155-3204 1 10 9 9 HV\p 1 3 2 HV- 2 5 2 Pin\s1\sCHAS\s/\sELC\sGND 3 0 3 Pin\s2\sSupply\svoltage 4 1 3 Pin\s3\sChassis\sGround 8 2 3 Pin\s4\sChassis\sGround 9 3 3 Pin\s5\sData\sOut,\sPWM\s1 7 5 3 Pin\s6\sData\sOut,\sPWM\s2 6 6 3 Pin\s8\sStatus\soutput 5 7 3 ProbeElm\s1\s2\rResistorElm\s4\s3\rResistorElm\s1\s7\rResistorElm\s2\s6\rResistorElm\s4\s8\rResistorElm\s4\s9\rInverterElm\s4\s5\rLogicOutputElm\s4 3\\s0\\s0\s0\\s3000\s0\\s15000\s0\\s15000\s0\\s3000\s0\\s3000\s0\\s0.5\\s5\s2\\s2.5
410 496 512 672 576 1 Bender\sIR155-3204 3\s0\s0\s0 0\s3000 0\s15000 0\s15000 0\s3000 0\s3000 0\s0.5\s5 2\s2.5
w 480 320 480 544 0
w 480 608 496 608 0
w 416 384 416 672 0
207 1184 720 1184 752 4 Shutdown_out
x 312 536 401 539 4 24 18\sAWG
404 496 672 416 672 0 0.0613 6.73 0 false
404 480 608 480 544 0 0.0613 6.73 0 false
207 1184 896 1184 848 4 Shutdown_out
g 1184 896 1184 912 0 0
x 333 245 409 248 4 24 0\sAWG
x 675 72 967 75 4 24 Emrax\s228\smedium\svoltage
w 416 384 528 384 0
w 480 320 528 320 0
